Bounding Width: 12070
0 30 15 0 0 
30 30 15 0 0 
60 30 15 0 0 
90 30 15 0 0 
120 30 15 0 0 
150 30 15 0 0 
180 30 15 0 0 
210 30 15 0 0 
240 26 14 0 1 
266 26 14 0 1 
292 26 14 0 1 
318 26 14 0 1 
344 26 14 0 1 
370 26 14 0 1 
396 26 14 0 1 
422 26 14 0 1 
448 26 13 0 0 
474 26 13 0 0 
500 26 13 0 0 
526 26 13 0 0 
552 26 13 0 0 
578 26 13 0 0 
604 26 13 0 0 
630 26 13 0 0 
656 22 11 0 0 
678 22 11 0 0 
700 22 11 0 0 
722 22 11 0 0 
744 22 11 0 0 
766 22 11 0 0 
788 22 11 0 0 
810 22 11 0 0 
832 22 11 0 0 
854 22 11 0 0 
876 22 11 0 0 
898 22 11 0 0 
920 22 11 0 0 
942 22 11 0 0 
964 22 11 0 0 
986 22 11 0 0 
1008 22 11 0 4 
1030 22 11 0 4 
1052 22 11 0 4 
1074 22 11 0 4 
1096 22 11 0 4 
1118 22 11 0 4 
1140 22 11 0 4 
1162 22 11 0 4 
1184 22 11 0 0 
1206 22 11 0 0 
1228 22 11 0 0 
1250 22 11 0 0 
1272 22 11 0 0 
1294 22 11 0 0 
1316 22 11 0 0 
1338 22 11 0 0 
1360 22 11 0 4 
1382 22 11 0 4 
1404 22 11 0 4 
1426 22 11 0 4 
1448 22 11 0 4 
1470 22 11 0 4 
1492 22 11 0 4 
1514 22 11 0 4 
1536 22 11 0 4 
1558 22 11 0 4 
1580 22 11 0 4 
1602 22 11 0 4 
1624 22 11 0 4 
1646 22 11 0 4 
1668 22 11 0 4 
1690 22 11 0 4 
1712 22 11 0 3 
1734 22 11 0 3 
1756 22 11 0 3 
1778 22 11 0 3 
1800 22 11 0 3 
1822 22 11 0 3 
1844 22 11 0 3 
1866 22 11 0 3 
1888 18 11 0 4 
1906 18 11 0 4 
1924 18 11 0 4 
1942 18 11 0 4 
1960 18 11 0 4 
1978 18 11 0 4 
1996 18 11 0 4 
2014 18 11 0 4 
2032 18 10 0 0 
2050 18 10 0 0 
2068 18 10 0 0 
2086 18 10 0 0 
2104 18 10 0 0 
2122 18 10 0 0 
2140 18 10 0 0 
2158 18 10 0 0 
2176 18 10 0 0 
2194 18 10 0 0 
2212 18 10 0 0 
2230 18 10 0 0 
2248 18 10 0 0 
2266 18 10 0 0 
2284 18 10 0 0 
2302 18 10 0 0 
2320 18 10 0 4 
2338 18 10 0 4 
2356 18 10 0 4 
2374 18 10 0 4 
2392 18 10 0 4 
2410 18 10 0 4 
2428 18 10 0 4 
2446 18 10 0 4 
2464 18 10 0 1 
2482 18 10 0 1 
2500 18 10 0 1 
2518 18 10 0 1 
2536 18 10 0 1 
2554 18 10 0 1 
2572 18 10 0 1 
2590 18 10 0 1 
2608 18 10 0 5 
2626 18 10 0 5 
2644 18 10 0 5 
2662 18 10 0 5 
2680 18 10 0 5 
2698 18 10 0 5 
2716 18 10 0 5 
2734 18 10 0 5 
2752 18 10 0 1 
2770 18 10 0 1 
2788 18 10 0 1 
2806 18 10 0 1 
2824 18 10 0 1 
2842 18 10 0 1 
2860 18 10 0 1 
2878 18 10 0 1 
2896 18 10 0 4 
2914 18 10 0 4 
2932 18 10 0 4 
2950 18 10 0 4 
2968 18 10 0 4 
2986 18 10 0 4 
3004 18 10 0 4 
3022 18 10 0 4 
3040 18 10 0 5 
3058 18 10 0 5 
3076 18 10 0 5 
3094 18 10 0 5 
3112 18 10 0 5 
3130 18 10 0 5 
3148 18 10 0 5 
3166 18 10 0 5 
3184 18 9 0 0 
3202 18 9 0 0 
3220 18 9 0 0 
3238 18 9 0 0 
3256 18 9 0 0 
3274 18 9 0 0 
3292 18 9 0 0 
3310 18 9 0 0 
3328 18 9 0 0 
3346 18 9 0 0 
3364 18 9 0 0 
3382 18 9 0 0 
3400 18 9 0 0 
3418 18 9 0 0 
3436 18 9 0 0 
3454 18 9 0 0 
3472 18 9 0 2 
3490 18 9 0 2 
3508 18 9 0 2 
3526 18 9 0 2 
3544 18 9 0 2 
3562 18 9 0 2 
3580 18 9 0 2 
3598 18 9 0 2 
3616 18 9 0 4 
3634 18 9 0 4 
3652 18 9 0 4 
3670 18 9 0 4 
3688 18 9 0 4 
3706 18 9 0 4 
3724 18 9 0 4 
3742 18 9 0 4 
3760 18 9 0 1 
3778 18 9 0 1 
3796 18 9 0 1 
3814 18 9 0 1 
3832 18 9 0 1 
3850 18 9 0 1 
3868 18 9 0 1 
3886 18 9 0 1 
3904 18 9 0 2 
3922 18 9 0 2 
3940 18 9 0 2 
3958 18 9 0 2 
3976 18 9 0 2 
3994 18 9 0 2 
4012 18 9 0 2 
4030 18 9 0 2 
4048 18 9 0 4 
4066 18 9 0 4 
4084 18 9 0 4 
4102 18 9 0 4 
4120 18 9 0 4 
4138 18 9 0 4 
4156 18 9 0 4 
4174 18 9 0 4 
4192 18 9 0 6 
4210 18 9 0 6 
4228 18 9 0 6 
4246 18 9 0 6 
4264 18 9 0 6 
4282 18 9 0 6 
4300 18 9 0 6 
4318 18 9 0 6 
4336 18 9 0 6 
4354 18 9 0 6 
4372 18 9 0 6 
4390 18 9 0 6 
4408 18 9 0 6 
4426 18 9 0 6 
4444 18 9 0 6 
4462 18 9 0 6 
4480 14 11 0 0 
4494 14 11 0 0 
4508 14 11 0 0 
4522 14 11 0 0 
4536 14 11 0 0 
4550 14 11 0 0 
4564 14 11 0 0 
4578 14 11 0 0 
4592 14 11 0 0 
4606 14 11 0 0 
4620 14 11 0 0 
4634 14 11 0 0 
4648 14 11 0 0 
4662 14 11 0 0 
4676 14 11 0 0 
4690 14 11 0 0 
4704 14 11 0 4 
4718 14 11 0 4 
4732 14 11 0 4 
4746 14 11 0 4 
4760 14 11 0 4 
4774 14 11 0 4 
4788 14 11 0 4 
4802 14 11 0 4 
4816 14 11 0 4 
4830 14 11 0 4 
4844 14 11 0 4 
4858 14 11 0 4 
4872 14 11 0 4 
4886 14 11 0 4 
4900 14 11 0 4 
4914 14 11 0 4 
4928 14 9 0 0 
4942 14 9 0 0 
4956 14 9 0 0 
4970 14 9 0 0 
4984 14 9 0 0 
4998 14 9 0 0 
5012 14 9 0 0 
5026 14 9 0 0 
5040 14 9 0 2 
5054 14 9 0 2 
5068 14 9 0 2 
5082 14 9 0 2 
5096 14 9 0 2 
5110 14 9 0 2 
5124 14 9 0 2 
5138 14 9 0 2 
5152 14 9 0 1 
5166 14 9 0 1 
5180 14 9 0 1 
5194 14 9 0 1 
5208 14 9 0 1 
5222 14 9 0 1 
5236 14 9 0 1 
5250 14 9 0 1 
5264 14 9 0 0 
5278 14 9 0 0 
5292 14 9 0 0 
5306 14 9 0 0 
5320 14 9 0 0 
5334 14 9 0 0 
5348 14 9 0 0 
5362 14 9 0 0 
5376 14 9 0 2 
5390 14 9 0 2 
5404 14 9 0 2 
5418 14 9 0 2 
5432 14 9 0 2 
5446 14 9 0 2 
5460 14 9 0 2 
5474 14 9 0 2 
5488 14 9 0 4 
5502 14 9 0 4 
5516 14 9 0 4 
5530 14 9 0 4 
5544 14 9 0 4 
5558 14 9 0 4 
5572 14 9 0 4 
5586 14 9 0 4 
5600 14 9 0 4 
5614 14 9 0 4 
5628 14 9 0 4 
5642 14 9 0 4 
5656 14 9 0 4 
5670 14 9 0 4 
5684 14 9 0 4 
5698 14 9 0 4 
5712 14 9 0 6 
5726 14 9 0 6 
5740 14 9 0 6 
5754 14 9 0 6 
5768 14 9 0 6 
5782 14 9 0 6 
5796 14 9 0 6 
5810 14 9 0 6 
5824 14 9 0 5 
5838 14 9 0 5 
5852 14 9 0 5 
5866 14 9 0 5 
5880 14 9 0 5 
5894 14 9 0 5 
5908 14 9 0 5 
5922 14 9 0 5 
5936 14 9 0 4 
5950 14 9 0 4 
5964 14 9 0 4 
5978 14 9 0 4 
5992 14 9 0 4 
6006 14 9 0 4 
6020 14 9 0 4 
6034 14 9 0 4 
6048 14 9 0 6 
6062 14 9 0 6 
6076 14 9 0 6 
6090 14 9 0 6 
6104 14 9 0 6 
6118 14 9 0 6 
6132 14 9 0 6 
6146 14 9 0 6 
6160 10 10 0 0 
6170 10 10 0 0 
6180 10 10 0 0 
6190 10 10 0 0 
6200 10 10 0 0 
6210 10 10 0 0 
6220 10 10 0 0 
6230 10 10 0 0 
6240 10 10 0 1 
6250 10 10 0 1 
6260 10 10 0 1 
6270 10 10 0 1 
6280 10 10 0 1 
6290 10 10 0 1 
6300 10 10 0 1 
6310 10 10 0 1 
6320 10 10 0 4 
6330 10 10 0 4 
6340 10 10 0 4 
6350 10 10 0 4 
6360 10 10 0 4 
6370 10 10 0 4 
6380 10 10 0 4 
6390 10 10 0 4 
6400 10 10 0 5 
6410 10 10 0 5 
6420 10 10 0 5 
6430 10 10 0 5 
6440 10 10 0 5 
6450 10 10 0 5 
6460 10 10 0 5 
6470 10 10 0 5 
6480 14 7 0 0 
6494 14 7 0 0 
6508 14 7 0 0 
6522 14 7 0 0 
6536 14 7 0 0 
6550 14 7 0 0 
6564 14 7 0 0 
6578 14 7 0 0 
6592 14 7 0 1 
6606 14 7 0 1 
6620 14 7 0 1 
6634 14 7 0 1 
6648 14 7 0 1 
6662 14 7 0 1 
6676 14 7 0 1 
6690 14 7 0 1 
6704 14 7 0 0 
6718 14 7 0 0 
6732 14 7 0 0 
6746 14 7 0 0 
6760 14 7 0 0 
6774 14 7 0 0 
6788 14 7 0 0 
6802 14 7 0 0 
6816 14 7 0 2 
6830 14 7 0 2 
6844 14 7 0 2 
6858 14 7 0 2 
6872 14 7 0 2 
6886 14 7 0 2 
6900 14 7 0 2 
6914 14 7 0 2 
6928 14 7 0 4 
6942 14 7 0 4 
6956 14 7 0 4 
6970 14 7 0 4 
6984 14 7 0 4 
6998 14 7 0 4 
7012 14 7 0 4 
7026 14 7 0 4 
7040 14 7 0 1 
7054 14 7 0 1 
7068 14 7 0 1 
7082 14 7 0 1 
7096 14 7 0 1 
7110 14 7 0 1 
7124 14 7 0 1 
7138 14 7 0 1 
7152 14 7 0 3 
7166 14 7 0 3 
7180 14 7 0 3 
7194 14 7 0 3 
7208 14 7 0 3 
7222 14 7 0 3 
7236 14 7 0 3 
7250 14 7 0 3 
7264 14 7 0 5 
7278 14 7 0 5 
7292 14 7 0 5 
7306 14 7 0 5 
7320 14 7 0 5 
7334 14 7 0 5 
7348 14 7 0 5 
7362 14 7 0 5 
7376 14 7 0 2 
7390 14 7 0 2 
7404 14 7 0 2 
7418 14 7 0 2 
7432 14 7 0 2 
7446 14 7 0 2 
7460 14 7 0 2 
7474 14 7 0 2 
7488 14 7 0 4 
7502 14 7 0 4 
7516 14 7 0 4 
7530 14 7 0 4 
7544 14 7 0 4 
7558 14 7 0 4 
7572 14 7 0 4 
7586 14 7 0 4 
7600 14 7 0 6 
7614 14 7 0 6 
7628 14 7 0 6 
7642 14 7 0 6 
7656 14 7 0 6 
7670 14 7 0 6 
7684 14 7 0 6 
7698 14 7 0 6 
7712 14 7 0 3 
7726 14 7 0 3 
7740 14 7 0 3 
7754 14 7 0 3 
7768 14 7 0 3 
7782 14 7 0 3 
7796 14 7 0 3 
7810 14 7 0 3 
6480 14 7 0 8 
6494 14 7 0 8 
6508 14 7 0 8 
6522 14 7 0 8 
6536 14 7 0 8 
6550 14 7 0 8 
6564 14 7 0 8 
6578 14 7 0 8 
7824 14 7 0 5 
7838 14 7 0 5 
7852 14 7 0 5 
7866 14 7 0 5 
7880 14 7 0 5 
7894 14 7 0 5 
7908 14 7 0 5 
7922 14 7 0 5 
6704 14 7 0 7 
6718 14 7 0 7 
6732 14 7 0 7 
6746 14 7 0 7 
6760 14 7 0 7 
6774 14 7 0 7 
6788 14 7 0 7 
6802 14 7 0 7 
7936 14 7 0 6 
7950 14 7 0 6 
7964 14 7 0 6 
7978 14 7 0 6 
7992 14 7 0 6 
8006 14 7 0 6 
8020 14 7 0 6 
8034 14 7 0 6 
6592 14 7 0 8 
6606 14 7 0 8 
6620 14 7 0 8 
6634 14 7 0 8 
6648 14 7 0 8 
6662 14 7 0 8 
6676 14 7 0 8 
6690 14 7 0 8 
8048 14 7 0 7 
8062 14 7 0 7 
8076 14 7 0 7 
8090 14 7 0 7 
8104 14 7 0 7 
8118 14 7 0 7 
8132 14 7 0 7 
8146 14 7 0 7 
8160 10 9 0 4 
8170 10 9 0 4 
8180 10 9 0 4 
8190 10 9 0 4 
8200 10 9 0 4 
8210 10 9 0 4 
8220 10 9 0 4 
8230 10 9 0 4 
8048 12 7 0 0 
8060 12 7 0 0 
8072 12 7 0 0 
8084 12 7 0 0 
8096 12 7 0 0 
8108 12 7 0 0 
8120 12 7 0 0 
8132 12 7 0 0 
7040 12 7 0 8 
7052 12 7 0 8 
7064 12 7 0 8 
7076 12 7 0 8 
7088 12 7 0 8 
7100 12 7 0 8 
7112 12 7 0 8 
7124 12 7 0 8 
7136 12 7 0 8 
8240 12 7 0 8 
8252 12 7 0 8 
8264 12 7 0 8 
8276 12 7 0 8 
8288 12 7 0 8 
8300 12 7 0 8 
8312 12 7 0 8 
8240 10 8 0 0 
8250 10 8 0 0 
8260 10 8 0 0 
8270 10 8 0 0 
8280 10 8 0 0 
8290 10 8 0 0 
8300 10 8 0 0 
8310 10 8 0 0 
8324 10 8 0 2 
8334 10 8 0 2 
8344 10 8 0 2 
8354 10 8 0 2 
8364 10 8 0 2 
8374 10 8 0 2 
8384 10 8 0 2 
8394 10 8 0 2 
8404 10 8 0 1 
8414 10 8 0 1 
8424 10 8 0 1 
8434 10 8 0 1 
8444 10 8 0 1 
8454 10 8 0 1 
8464 10 8 0 1 
8474 10 8 0 1 
8484 10 8 0 3 
8494 10 8 0 3 
8504 10 8 0 3 
8514 10 8 0 3 
8524 10 8 0 3 
8534 10 8 0 3 
8544 10 8 0 3 
8554 10 8 0 3 
8564 10 8 0 4 
8574 10 8 0 4 
8584 10 8 0 4 
8594 10 8 0 4 
8604 10 8 0 4 
8614 10 8 0 4 
8624 10 8 0 4 
8634 10 8 0 4 
8644 10 8 0 6 
8654 10 8 0 6 
8664 10 8 0 6 
8674 10 8 0 6 
8684 10 8 0 6 
8694 10 8 0 6 
8704 10 8 0 6 
8714 10 8 0 6 
8724 10 8 0 5 
8734 10 8 0 5 
8744 10 8 0 5 
8754 10 8 0 5 
8764 10 8 0 5 
8774 10 8 0 5 
8784 10 8 0 5 
8794 10 8 0 5 
8804 10 8 0 7 
8814 10 8 0 7 
8824 10 8 0 7 
8834 10 8 0 7 
8844 10 8 0 7 
8854 10 8 0 7 
8864 10 8 0 7 
8874 10 8 0 7 
4192 12 6 0 0 
4204 12 6 0 0 
4216 12 6 0 0 
4228 12 6 0 0 
4240 12 6 0 0 
4252 12 6 0 0 
4264 12 6 0 0 
4276 12 6 0 0 
8144 12 6 0 1 
8804 12 6 0 1 
8816 12 6 0 1 
8828 12 6 0 1 
8840 12 6 0 1 
8852 12 6 0 1 
8864 12 6 0 1 
8876 12 6 0 1 
8884 12 6 0 8 
8896 12 6 0 8 
8908 12 6 0 8 
8920 12 6 0 8 
8932 12 6 0 8 
8944 12 6 0 8 
8956 12 6 0 8 
8968 12 6 0 8 
8888 10 7 0 0 
8898 10 7 0 0 
8908 10 7 0 0 
8918 10 7 0 0 
8928 10 7 0 0 
8938 10 7 0 0 
8948 10 7 0 0 
8958 10 7 0 0 
8968 10 7 0 0 
8978 10 7 0 0 
8988 10 7 0 2 
8998 10 7 0 2 
9008 10 7 0 2 
9018 10 7 0 2 
9028 10 7 0 2 
9038 10 7 0 2 
9048 10 7 0 2 
9058 10 7 0 2 
9068 10 7 0 4 
9078 10 7 0 4 
9088 10 7 0 4 
9098 10 7 0 4 
9108 10 7 0 4 
9118 10 7 0 4 
9128 10 7 0 4 
9138 10 7 0 4 
9148 10 7 0 0 
9158 10 7 0 0 
9168 10 7 0 3 
9178 10 7 0 3 
9188 10 7 0 3 
9198 10 7 0 3 
9208 10 7 0 3 
9218 10 7 0 3 
9228 10 7 0 3 
9238 10 7 0 3 
9248 10 7 0 4 
9258 10 7 0 4 
9268 10 7 0 6 
9278 10 7 0 6 
9288 10 7 0 6 
9298 10 7 0 6 
9308 10 7 0 6 
9318 10 7 0 6 
9328 10 7 0 6 
9338 10 7 0 6 
9148 10 7 0 8 
9158 10 7 0 8 
9348 10 7 0 8 
9358 10 7 0 8 
9368 10 7 0 8 
9378 10 7 0 8 
9388 10 7 0 8 
9398 10 7 0 8 
9408 10 7 0 4 
9418 10 7 0 4 
9428 10 7 0 8 
9438 10 7 0 8 
9448 10 7 0 8 
9458 10 7 0 8 
4288 10 6 0 0 
4298 10 6 0 0 
4308 10 6 0 0 
4318 10 6 0 0 
4328 10 6 0 0 
4338 10 6 0 0 
4348 10 6 0 0 
4358 10 6 0 0 
4368 10 6 0 0 
4378 10 6 0 0 
9348 10 6 0 1 
9358 10 6 0 1 
4388 10 6 0 0 
4398 10 6 0 0 
4408 10 6 0 0 
4418 10 6 0 0 
4428 10 6 0 0 
4438 10 6 0 0 
4448 10 6 0 0 
4458 10 6 0 0 
4468 10 6 0 0 
5712 10 6 0 0 
9368 10 6 0 1 
9378 10 6 0 1 
9388 10 6 0 1 
9398 10 6 0 1 
9428 10 6 0 1 
9438 10 6 0 1 
9448 10 6 0 1 
9458 10 6 0 1 
9468 10 6 0 1 
9478 10 6 0 1 
9488 10 6 0 1 
9498 10 6 0 1 
9508 10 6 0 1 
9518 10 6 0 1 
9528 10 6 0 1 
9538 10 6 0 1 
9548 10 6 0 4 
9558 10 6 0 4 
9568 10 6 0 1 
9578 10 6 0 1 
9588 10 6 0 2 
9598 10 6 0 2 
9608 10 6 0 2 
9618 10 6 0 2 
9628 10 6 0 2 
9638 10 6 0 2 
9648 10 6 0 2 
9658 10 6 0 2 
9668 10 6 0 2 
9678 10 6 0 2 
9688 10 6 0 2 
9698 10 6 0 2 
9708 10 6 0 2 
9718 10 6 0 2 
9728 10 6 0 2 
9738 10 6 0 2 
9748 10 6 0 4 
9758 10 6 0 4 
9768 10 6 0 4 
9778 10 6 0 4 
9788 10 6 0 4 
9798 10 6 0 4 
9808 10 6 0 4 
9818 10 6 0 4 
9828 10 6 0 5 
9838 10 6 0 5 
9848 10 6 0 4 
9858 10 6 0 4 
9868 10 6 0 3 
9878 10 6 0 3 
9888 10 6 0 3 
9898 10 6 0 3 
9908 10 6 0 3 
9918 10 6 0 3 
9928 10 6 0 3 
9938 10 6 0 3 
9948 10 6 0 4 
9958 10 6 0 4 
9968 10 6 0 4 
9978 10 6 0 4 
9988 10 6 0 4 
9998 10 6 0 4 
10008 10 6 0 4 
10018 10 6 0 4 
10028 10 6 0 5 
10038 10 6 0 5 
10048 10 6 0 5 
10058 10 6 0 5 
10068 10 6 0 5 
10078 10 6 0 5 
10088 10 6 0 5 
10098 10 6 0 5 
10108 10 6 0 5 
10118 10 6 0 5 
10128 10 6 0 5 
10138 10 6 0 5 
10148 10 6 0 5 
10158 10 6 0 5 
10168 10 6 0 5 
10178 10 6 0 5 
9468 10 6 0 8 
9478 10 6 0 8 
10188 10 6 0 5 
10198 10 6 0 5 
10208 10 6 0 6 
10218 10 6 0 6 
10228 10 6 0 6 
10238 10 6 0 6 
10248 10 6 0 6 
10258 10 6 0 6 
10268 10 6 0 6 
10278 10 6 0 6 
10288 10 6 0 6 
10298 10 6 0 6 
10308 10 6 0 6 
10318 10 6 0 6 
10328 10 6 0 6 
10338 10 6 0 6 
10348 10 6 0 6 
10358 10 6 0 6 
9488 10 6 0 8 
9498 10 6 0 8 
9508 10 6 0 8 
9518 10 6 0 8 
9528 10 6 0 8 
9538 10 6 0 8 
9568 10 6 0 8 
9578 10 6 0 8 
3184 10 6 0 9 
3194 10 6 0 9 
9588 10 6 0 8 
9598 10 6 0 8 
10368 10 6 0 7 
10378 10 6 0 7 
10388 10 6 0 7 
10398 10 6 0 7 
10408 10 6 0 7 
10418 10 6 0 7 
10428 10 6 0 7 
10438 10 6 0 7 
9608 10 6 0 8 
9618 10 6 0 8 
9628 10 6 0 8 
9638 10 6 0 8 
9648 10 6 0 8 
9658 10 6 0 8 
9668 10 6 0 8 
9678 10 6 0 8 
3204 10 6 0 9 
3214 10 6 0 9 
3224 10 6 0 9 
3234 10 6 0 9 
3244 10 6 0 9 
3254 10 6 0 9 
3264 10 6 0 9 
3274 10 6 0 9 
3284 10 6 0 9 
3294 10 6 0 9 
3304 10 6 0 9 
3314 10 6 0 9 
3324 10 6 0 9 
3334 10 6 0 9 
3344 10 6 0 9 
3354 10 6 0 9 
3364 10 6 0 9 
3374 10 6 0 9 
10448 6 9 0 0 
10454 6 9 0 0 
10460 6 9 0 0 
10466 6 9 0 0 
10472 6 9 0 0 
10478 6 9 0 0 
10484 6 9 0 0 
10490 6 9 0 0 
10496 6 9 0 2 
10502 6 9 0 2 
10508 6 9 0 2 
10514 6 9 0 2 
10520 6 9 0 2 
10526 6 9 0 2 
10532 6 9 0 2 
10538 6 9 0 2 
10544 6 9 0 4 
10550 6 9 0 4 
10556 6 9 0 4 
10562 6 9 0 4 
10568 6 9 0 4 
10574 6 9 0 4 
10580 6 9 0 4 
10586 6 9 0 4 
10592 6 9 0 6 
10598 6 9 0 6 
10604 6 9 0 6 
10610 6 9 0 6 
10616 6 9 0 6 
10622 6 9 0 6 
10628 6 9 0 6 
10634 6 9 0 6 
2608 10 5 0 0 
2618 10 5 0 0 
2628 10 5 0 0 
2638 10 5 0 0 
2648 10 5 0 0 
2658 10 5 0 0 
2668 10 5 0 0 
2678 10 5 0 0 
5722 10 5 0 1 
5732 10 5 0 1 
2688 10 5 0 0 
2698 10 5 0 0 
10368 10 5 0 2 
10378 10 5 0 2 
5742 10 5 0 1 
5752 10 5 0 1 
5762 10 5 0 1 
5772 10 5 0 1 
5782 10 5 0 1 
5792 10 5 0 1 
5802 10 5 0 1 
5812 10 5 0 1 
10388 10 5 0 2 
10398 10 5 0 2 
10408 10 5 0 2 
10418 10 5 0 2 
10428 10 5 0 2 
10438 10 5 0 2 
10640 10 5 0 2 
10650 10 5 0 2 
6048 10 5 0 1 
6058 10 5 0 1 
10660 10 5 0 4 
10670 10 5 0 4 
10680 10 5 0 4 
10690 10 5 0 4 
10700 10 5 0 4 
10710 10 5 0 4 
10720 10 5 0 4 
10730 10 5 0 4 
2708 10 5 0 0 
2718 10 5 0 0 
10740 10 5 0 2 
10750 10 5 0 2 
10760 10 5 0 3 
10770 10 5 0 3 
10780 10 5 0 3 
10790 10 5 0 3 
10800 10 5 0 3 
10810 10 5 0 3 
10820 10 5 0 3 
10830 10 5 0 3 
10840 10 5 0 5 
10850 10 5 0 5 
10860 10 5 0 4 
10870 10 5 0 4 
10880 10 5 0 6 
10890 10 5 0 6 
10900 10 5 0 5 
10910 10 5 0 5 
10920 10 5 0 5 
10930 10 5 0 5 
10940 10 5 0 5 
10950 10 5 0 5 
10960 10 5 0 5 
10970 10 5 0 5 
10980 10 5 0 6 
10990 10 5 0 6 
11000 10 5 0 6 
11010 10 5 0 6 
11020 10 5 0 6 
11030 10 5 0 6 
11040 10 5 0 6 
11050 10 5 0 6 
11060 10 5 0 5 
11070 10 5 0 5 
9688 10 5 0 8 
9698 10 5 0 8 
9708 10 5 0 8 
9718 10 5 0 8 
9728 10 5 0 8 
9738 10 5 0 8 
10640 10 5 0 8 
10650 10 5 0 8 
11080 10 5 0 4 
11090 10 5 0 4 
11100 10 5 0 6 
11110 10 5 0 6 
10740 10 5 0 7 
10750 10 5 0 7 
11120 10 5 0 7 
11130 10 5 0 7 
11140 10 5 0 7 
11150 10 5 0 7 
11160 10 5 0 7 
11170 10 5 0 7 
3384 10 5 0 9 
3394 10 5 0 9 
10760 10 5 0 8 
10770 10 5 0 8 
2032 10 5 0 10 
2042 10 5 0 10 
3404 10 5 0 9 
3414 10 5 0 9 
3424 10 5 0 9 
3434 10 5 0 9 
3444 10 5 0 9 
3454 10 5 0 9 
4928 10 5 0 9 
4938 10 5 0 9 
2052 10 5 0 10 
2062 10 5 0 10 
2072 10 5 0 10 
2082 10 5 0 10 
2092 10 5 0 10 
2102 10 5 0 10 
2112 10 5 0 10 
2122 10 5 0 10 
4948 10 5 0 9 
4958 10 5 0 9 
10780 10 5 0 8 
10790 10 5 0 8 
2132 10 5 0 10 
2142 10 5 0 10 
11120 6 7 0 0 
11126 6 7 0 0 
11132 6 7 0 0 
11138 6 7 0 0 
11144 6 7 0 0 
11150 6 7 0 0 
11156 6 7 0 0 
11162 6 7 0 0 
11180 6 7 0 3 
11186 6 7 0 3 
11192 6 7 0 3 
11198 6 7 0 3 
11204 6 7 0 3 
11210 6 7 0 3 
11216 6 7 0 3 
11222 6 7 0 3 
8980 6 7 0 8 
10800 6 7 0 8 
10806 6 7 0 8 
10812 6 7 0 8 
10818 6 7 0 8 
10824 6 7 0 8 
10830 6 7 0 8 
11228 6 7 0 8 
6068 8 4 0 2 
6076 8 4 0 2 
1008 8 4 0 0 
1016 8 4 0 0 
1024 8 4 0 0 
1032 8 4 0 0 
1040 8 4 0 0 
1048 8 4 0 0 
1056 8 4 0 0 
1064 8 4 0 0 
1072 8 4 0 0 
1080 8 4 0 0 
1088 8 4 0 0 
1096 8 4 0 0 
1104 8 4 0 0 
1112 8 4 0 0 
6084 8 4 0 2 
6092 8 4 0 2 
6100 8 4 0 2 
6108 8 4 0 2 
2728 8 4 0 1 
2736 8 4 0 1 
11168 8 4 0 3 
11228 8 4 0 3 
2744 8 4 0 1 
3040 8 4 0 1 
11236 8 4 0 3 
11244 8 4 0 3 
11252 8 4 0 3 
11260 8 4 0 3 
3048 8 4 0 1 
3056 8 4 0 1 
1120 8 4 0 0 
1128 8 4 0 0 
6116 8 4 0 2 
6124 8 4 0 2 
3064 8 4 0 1 
3072 8 4 0 1 
3080 8 4 0 1 
3088 8 4 0 1 
11268 8 4 0 3 
11276 8 4 0 3 
11284 8 4 0 3 
11292 8 4 0 3 
11300 8 4 0 3 
11308 8 4 0 3 
11316 8 4 0 3 
11324 8 4 0 3 
11332 8 4 0 3 
11340 8 4 0 3 
11348 8 4 0 3 
11356 8 4 0 3 
6132 8 4 0 2 
6140 8 4 0 2 
6148 8 4 0 2 
7600 8 4 0 2 
7608 8 4 0 2 
7616 8 4 0 2 
7624 8 4 0 2 
7632 8 4 0 2 
11364 8 4 0 6 
11372 8 4 0 6 
11380 8 4 0 4 
11388 8 4 0 4 
1136 8 4 0 0 
1144 8 4 0 0 
1152 8 4 0 0 
1160 8 4 0 0 
7640 8 4 0 2 
7648 8 4 0 2 
7656 8 4 0 2 
7664 8 4 0 2 
3096 8 4 0 1 
3104 8 4 0 1 
11396 8 4 0 3 
11404 8 4 0 3 
11412 8 4 0 4 
11420 8 4 0 4 
11428 8 4 0 4 
11436 8 4 0 4 
11444 8 4 0 6 
11452 8 4 0 6 
11460 8 4 0 6 
11468 8 4 0 6 
11476 8 4 0 5 
11484 8 4 0 5 
11234 8 4 0 7 
11242 8 4 0 7 
11492 8 4 0 5 
11500 8 4 0 5 
11250 8 4 0 7 
11258 8 4 0 7 
11266 8 4 0 7 
11274 8 4 0 7 
11508 8 4 0 5 
11516 8 4 0 5 
11524 8 4 0 4 
11532 8 4 0 4 
11540 8 4 0 6 
11548 8 4 0 6 
11556 8 4 0 5 
11564 8 4 0 5 
11572 8 4 0 5 
11580 8 4 0 5 
11282 8 4 0 7 
11290 8 4 0 7 
11298 8 4 0 7 
11306 8 4 0 7 
2152 8 4 0 10 
2160 8 4 0 10 
11314 8 4 0 8 
11322 8 4 0 8 
11330 8 4 0 8 
11338 8 4 0 8 
11346 8 4 0 8 
11354 8 4 0 8 
11380 8 4 0 8 
11388 8 4 0 8 
11396 8 4 0 8 
11404 8 4 0 8 
11588 8 4 0 4 
11596 8 4 0 4 
11604 8 4 0 4 
11612 8 4 0 4 
11620 8 4 0 6 
11628 8 4 0 6 
11636 8 4 0 6 
11644 8 4 0 6 
11652 8 4 0 5 
11660 8 4 0 5 
11668 8 4 0 7 
11676 8 4 0 7 
11412 8 4 0 8 
11420 8 4 0 8 
11428 8 4 0 8 
11436 8 4 0 8 
2168 8 4 0 10 
2176 8 4 0 10 
2184 8 4 0 10 
2192 8 4 0 10 
3464 8 4 0 9 
4968 8 4 0 9 
656 8 4 0 11 
664 8 4 0 11 
4976 8 4 0 9 
4984 8 4 0 9 
672 8 4 0 11 
680 8 4 0 11 
4992 8 4 0 9 
5000 8 4 0 9 
5008 8 4 0 9 
5016 8 4 0 9 
5024 8 4 0 9 
5032 8 4 0 9 
5264 8 4 0 9 
5272 8 4 0 9 
688 8 4 0 11 
696 8 4 0 11 
5280 8 4 0 9 
5288 8 4 0 9 
11524 8 4 0 8 
11532 8 4 0 8 
2200 8 4 0 10 
2208 8 4 0 10 
5296 8 4 0 9 
5304 8 4 0 9 
5312 8 4 0 9 
5320 8 4 0 9 
704 8 4 0 11 
712 8 4 0 11 
720 8 4 0 11 
728 8 4 0 11 
2216 8 4 0 10 
2224 8 4 0 10 
2232 8 4 0 10 
2240 8 4 0 10 
2248 8 4 0 10 
2256 8 4 0 10 
2264 8 4 0 10 
2272 8 4 0 10 
11588 8 4 0 8 
11596 8 4 0 8 
11604 8 4 0 8 
11612 8 4 0 8 
2280 8 4 0 10 
2288 8 4 0 10 
2296 8 4 0 10 
2304 8 4 0 10 
5328 8 4 0 9 
5336 8 4 0 9 
736 8 4 0 11 
744 8 4 0 11 
3112 6 5 0 0 
3118 6 5 0 0 
3124 6 5 0 0 
3130 6 5 0 0 
3136 6 5 0 0 
3142 6 5 0 0 
3148 6 5 0 0 
3154 6 5 0 0 
11668 6 5 0 2 
11674 6 5 0 2 
11680 6 5 0 2 
11686 6 5 0 2 
11692 6 5 0 2 
11698 6 5 0 2 
11704 6 5 0 2 
11710 6 5 0 2 
11716 6 5 0 4 
11722 6 5 0 4 
11728 6 5 0 4 
11734 6 5 0 4 
11740 6 5 0 4 
11746 6 5 0 4 
11752 6 5 0 4 
11758 6 5 0 4 
11764 6 5 0 6 
11770 6 5 0 6 
11776 6 5 0 6 
11782 6 5 0 6 
11788 6 5 0 6 
11794 6 5 0 6 
11800 6 5 0 6 
11806 6 5 0 6 
11684 6 5 0 8 
11690 6 5 0 8 
11696 6 5 0 8 
11702 6 5 0 8 
11708 6 5 0 8 
11812 6 5 0 8 
11818 6 5 0 8 
11824 6 5 0 8 
2312 6 5 0 10 
3760 6 5 0 10 
3766 6 5 0 10 
3772 6 5 0 10 
3778 6 5 0 10 
3784 6 5 0 10 
3790 6 5 0 10 
3796 6 5 0 10 
1168 6 4 0 0 
1174 6 4 0 0 
1360 6 4 0 0 
1366 6 4 0 0 
1372 6 4 0 0 
1378 6 4 0 0 
7672 6 4 0 2 
7678 6 4 0 2 
3160 6 4 0 1 
3166 6 4 0 1 
3172 6 4 0 1 
3178 6 4 0 1 
7684 6 4 0 2 
7690 6 4 0 2 
5822 6 4 0 1 
5828 6 4 0 1 
11812 6 4 0 3 
11818 6 4 0 3 
11824 6 4 0 3 
11830 6 4 0 3 
11836 6 4 0 4 
11842 6 4 0 4 
7696 6 4 0 2 
7702 6 4 0 2 
11848 6 4 0 3 
11854 6 4 0 3 
11860 6 4 0 4 
11866 6 4 0 4 
11872 6 4 0 4 
11878 6 4 0 4 
11884 6 4 0 6 
11890 6 4 0 6 
11896 6 4 0 5 
11902 6 4 0 5 
11908 6 4 0 5 
11914 6 4 0 5 
11920 6 4 0 6 
11926 6 4 0 6 
11932 6 4 0 5 
11938 6 4 0 5 
11830 6 4 0 7 
11848 6 4 0 7 
11854 6 4 0 7 
11944 6 4 0 7 
11836 6 4 0 8 
11842 6 4 0 8 
11950 6 4 0 6 
11956 6 4 0 6 
11962 6 4 0 7 
11968 6 4 0 7 
11860 6 4 0 8 
11866 6 4 0 8 
11872 6 4 0 8 
11878 6 4 0 8 
3802 6 4 0 10 
3808 6 4 0 10 
5344 6 4 0 9 
5350 6 4 0 9 
5356 6 4 0 9 
5362 6 4 0 9 
3814 6 4 0 10 
3820 6 4 0 10 
5368 6 4 0 9 
6816 6 4 0 9 
752 6 4 0 11 
758 6 4 0 11 
764 6 4 0 11 
770 6 4 0 11 
3826 6 4 0 10 
3832 6 4 0 10 
776 6 4 0 11 
782 6 4 0 11 
1384 6 3 0 1 
1390 6 3 0 1 
1396 6 3 0 1 
1402 6 3 0 1 
1408 6 3 0 1 
1414 6 3 0 1 
1420 6 3 0 1 
1426 6 3 0 1 
5834 6 3 0 2 
5840 6 3 0 2 
5846 6 3 0 2 
5852 6 3 0 2 
5858 6 3 0 2 
5864 6 3 0 2 
5870 6 3 0 2 
5876 6 3 0 2 
7936 6 3 0 3 
7942 6 3 0 3 
7948 6 3 0 3 
7954 6 3 0 3 
7960 6 3 0 3 
7966 6 3 0 3 
7972 6 3 0 3 
7978 6 3 0 3 
11974 6 3 0 5 
11980 6 3 0 5 
11986 6 3 0 5 
11992 6 3 0 5 
11998 6 3 0 5 
12004 6 3 0 5 
12010 6 3 0 5 
12016 6 3 0 5 
12022 6 3 0 7 
12028 6 3 0 7 
12034 6 3 0 7 
12040 6 3 0 7 
12046 6 3 0 7 
12052 6 3 0 7 
12058 6 3 0 7 
12064 6 3 0 7 
6822 6 3 0 9 
6828 6 3 0 9 
6834 6 3 0 9 
6840 6 3 0 9 
6846 6 3 0 9 
6852 6 3 0 9 
6858 6 3 0 9 
6864 6 3 0 9 
3838 6 3 0 10 
3844 6 3 0 10 
3850 6 3 0 10 
3856 6 3 0 10 
3862 6 3 0 10 
3868 6 3 0 10 
3874 6 3 0 10 
3880 6 3 0 10 
788 6 3 0 11 
794 6 3 0 11 
800 6 3 0 11 
806 6 3 0 11 
812 6 3 0 11 
818 6 3 0 11 
824 6 3 0 11 
830 6 3 0 11 
